#FIG 3.2
Landscape
Center
Metric
Letter  
100.00
Single
-2
1200 2
2 2 0 1 0 7 0 0 -1 0.000 0 0 -1 0 0 5
	 450 2115 900 2115 900 2475 450 2475 450 2115
2 2 0 1 0 7 0 0 -1 0.000 0 0 -1 0 0 5
	 1395 2115 1845 2115 1845 2475 1395 2475 1395 2115
2 2 0 1 0 7 0 0 -1 0.000 0 0 -1 0 0 5
	 2250 2115 2700 2115 2700 2475 2250 2475 2250 2115
2 2 0 1 0 7 0 0 -1 0.000 0 0 -1 0 0 5
	 3150 2115 3600 2115 3600 2475 3150 2475 3150 2115
2 2 0 1 0 7 0 0 -1 0.000 0 0 -1 0 0 5
	 4050 2115 4500 2115 4500 2475 4050 2475 4050 2115
2 2 0 1 0 7 0 0 -1 0.000 0 0 -1 0 0 5
	 4050 1440 4500 1440 4500 1800 4050 1800 4050 1440
2 2 0 1 0 7 0 0 -1 0.000 0 0 -1 0 0 5
	 2700 1440 3150 1440 3150 1800 2700 1800 2700 1440
2 2 0 1 0 7 0 0 -1 0.000 0 0 -1 0 0 5
	 990 1440 1440 1440 1440 1800 990 1800 990 1440
2 2 0 1 0 7 0 0 -1 0.000 0 0 -1 0 0 5
	 1800 720 2250 720 2250 1080 1800 1080 1800 720
2 2 0 1 0 7 0 0 -1 0.000 0 0 -1 0 0 5
	 5175 1440 5625 1440 5625 1800 5175 1800 5175 1440
2 2 0 1 0 7 0 0 -1 0.000 0 0 -1 0 0 5
	 4590 720 5040 720 5040 1080 4590 1080 4590 720
2 2 0 1 0 7 0 0 -1 0.000 0 0 -1 0 0 5
	 3285 90 3735 90 3735 450 3285 450 3285 90
2 1 0 1 0 7 0 0 -1 0.000 0 0 -1 0 0 4
	 2025 720 2025 585 4815 585 4815 720
2 1 0 1 0 7 0 0 -1 0.000 0 0 -1 0 0 4
	 1215 1440 1215 1305 2925 1305 2925 1440
2 1 0 1 0 7 0 0 -1 0.000 0 0 -1 0 0 4
	 4230 1440 4230 1305 5400 1305 5400 1440
2 1 0 1 0 7 0 0 -1 0.000 0 0 -1 0 0 4
	 675 2115 675 1980 1620 1980 1620 2115
2 1 0 1 0 7 0 0 -1 0.000 0 0 -1 0 0 4
	 2475 2115 2475 1980 3420 1980 3420 2115
2 1 0 1 0 7 0 0 -1 0.000 0 0 -1 0 0 2
	 3510 585 3510 450
2 1 0 1 0 7 0 0 -1 0.000 0 0 -1 0 0 2
	 2025 1305 2025 1080
2 1 0 1 0 7 0 0 -1 0.000 0 0 -1 0 0 2
	 4815 1305 4815 1080
2 1 0 1 0 7 0 0 -1 0.000 0 0 -1 0 0 2
	 1170 1980 1170 1800
2 1 0 1 0 7 0 0 -1 0.000 0 0 -1 0 0 2
	 2925 1980 2925 1800
2 1 0 1 0 7 0 0 -1 0.000 0 0 -1 0 0 2
	 4275 2115 4275 1800
4 1 0 0 0 0 12 0.0000 4 135 180 3510 360 12\001
4 1 0 0 0 0 12 0.0000 4 135 180 2025 990 11\001
4 1 0 0 0 0 12 0.0000 4 135 180 4815 990 10\001
4 1 0 0 0 0 12 0.0000 4 135 90 1215 1710 8\001
4 1 0 0 0 0 12 0.0000 4 135 90 2925 1710 9\001
4 1 0 0 0 0 12 0.0000 4 135 90 4275 1710 7\001
4 1 0 0 0 0 12 0.0000 4 135 90 5400 1710 6\001
4 1 0 0 0 0 12 0.0000 4 135 90 675 2385 1\001
4 1 0 0 0 0 12 0.0000 4 135 90 1620 2385 2\001
4 1 0 0 0 0 12 0.0000 4 135 90 2475 2385 4\001
4 1 0 0 0 0 12 0.0000 4 135 90 3375 2385 3\001
4 1 0 0 0 0 12 0.0000 4 135 90 4275 2385 5\001
